%500x500 SPD matrix
500 500 5945
0 0 0.019532812253084
234 0 -0.001281580913145
360 0 0.002066204218430
446 0 -0.053722005227370
482 0 -0.002867765933896
1 1 0.986230389100047
35 1 -0.000350322905375
56 1 0.000015753944461
63 1 0.000001554639997
69 1 -0.000077116323626
74 1 -0.001744660389014
77 1 0.001145349013663
83 1 0.000695662585330
93 1 0.000199249582071
130 1 0.000091210829239
132 1 0.000340686870818
133 1 -0.000639699494688
157 1 0.000000967880243
161 1 -0.000486097386585
188 1 -0.012229715635714
197 1 0.000000593937272
199 1 -0.000110196864465
230 1 0.000194930360479
238 1 -0.001101681500051
241 1 -0.000007252612549
248 1 0.003101741439623
264 1 0.000047292046651
294 1 -0.000004169474153
308 1 0.000401955446781
313 1 -0.000018661423377
330 1 -0.000023976797806
411 1 0.000320534500619
418 1 0.050747525417053
422 1 0.000000945427110
429 1 -0.000000346566353
453 1 -0.000000139313038
499 1 0.000439138282205
2 2 0.981711702275219
3 3 0.628111106996365
51 3 0.010320802331584
95 3 0.025915614620382
146 3 -0.012405684085804
254 3 0.001766187123565
397 3 -0.023878639805904
4 4 0.902942914968209
11 4 -0.000319928400875
14 4 0.000205834146657
19 4 -0.000399089607059
25 4 0.001283835332454
240 4 0.000209120651421
332 4 -0.001846579302842
337 4 -0.003053663511064
379 4 0.001040061272362
387 4 0.002690027181905
415 4 -0.000037530173033
5 5 0.954904455751808
6 6 0.241412587602006
89 6 0.026163334720468
134 6 0.001593222710165
219 6 -0.234851017674359
335 6 0.280520959907436
7 7 0.056695260383204
15 7 0.000213448151919
43 7 -0.000106541144128
49 7 0.000559123451089
91 7 -0.000002138567282
109 7 0.020206742396225
132 7 -0.003158908669781
143 7 -0.000206314563792
181 7 0.000094708446333
230 7 0.005520939412734
231 7 -0.012024555563972
255 7 -0.003057587083413
274 7 0.002063673517683
278 7 0.001334839172472
284 7 -0.000753192908504
326 7 -0.008839079879833
370 7 0.001350697890281
375 7 0.000018367324668
376 7 -0.000568430063924
385 7 -0.115104235830932
404 7 -0.020501014381264
439 7 0.000154617159240
447 7 -0.000133559111013
475 7 0.000051578481865
490 7 -0.000003423126009
8 8 0.142855060569541
211 8 -0.001450442255873
270 8 0.046486113547242
315 8 -0.016795446235714
484 8 -0.000142288820433
9 9 0.882337366526908
56 9 -0.000014072362435
63 9 -0.082891607887335
157 9 0.130440710543929
241 9 0.000006478465926
294 9 0.000003724422895
313 9 -0.000005745376531
330 9 -0.000007381844816
453 9 -0.018775144708546
476 9 -0.000033402776063
483 9 -0.021569724835737
10 10 0.495039706338655
17 10 -0.076175813517150
24 10 -0.024995922316198
67 10 -0.117934193848175
133 10 -0.010132949570140
175 10 -0.135179983991853
199 10 -0.011781514940660
238 10 0.022741711433365
296 10 0.079509598809352
308 10 0.042974399723054
398 10 0.354422052814952
435 10 0.032363880071337
4 11 -0.000319928400875
11 11 0.053725623886439
14 11 0.000125886842421
19 11 -0.000244080641097
25 11 0.000785185445737
240 11 0.000127896847631
332 11 -0.001129356044611
337 11 0.087138108481108
379 11 0.000636094795875
387 11 0.001645203351611
415 11 -0.000022953212843
12 12 0.740202902215131
18 12 0.002040075663006
41 12 -0.000214062197233
71 12 -0.063570454359332
72 12 0.000142023597764
80 12 -0.033357855948579
94 12 -0.000749029214646
112 12 -0.101201991448176
142 12 0.001241259071373
151 12 -0.013007629084513
166 12 -0.000364997904995
180 12 -0.034788217667843
189 12 -0.010667260141898
201 12 -0.006152641442119
215 12 0.001586961401401
217 12 0.010628369299900
227 12 -0.001176556813751
239 12 -0.001238018204757
281 12 0.010190691250254
324 12 0.004453083159306
350 12 -0.000895398035937
390 12 -0.001251095236165
422 12 -0.004324808166605
429 12 -0.011798003049041
430 12 -0.256059659039499
448 12 -0.085105121037157
481 12 0.028561131232593
13 13 0.633314572424487
24 13 -0.001590572581116
36 13 -0.088449685373284
119 13 -0.006438755400375
133 13 0.000154622701573
199 13 0.000179778815254
238 13 -0.000347024806142
249 13 0.002621861599959
250 13 -0.364427857350369
288 13 0.033958843667984
308 13 -0.000655763431731
366 13 0.002390381306186
416 13 -0.003109041380062
4 14 0.000205834146657
11 14 0.000125886842421
14 14 0.055130658773591
19 14 -0.048208886915711
25 14 0.003174889188473
240 14 0.025261178586861
332 14 -0.004566539427642
337 14 0.001201569026604
379 14 0.125636436975150
387 14 0.006652362651684
415 14 -0.004533537921499
7 15 0.000213448151919
15 15 0.253786064896212
43 15 0.000390122225105
49 15 0.014670846170813
65 15 0.000536319326954
88 15 0.000069463840360
91 15 0.005678795301180
95 15 0.004053280657358
109 15 -0.016965648625491
114 15 0.000141547145852
131 15 0.000000290649737
132 15 0.001586426858772
143 15 0.000755463040657
177 15 0.003202971281527
181 15 -0.000346794378096
202 15 0.000368502195844
230 15 -0.002772655839595
231 15 0.068997432057925
251 15 -0.005154066343126
255 15 -0.004307981425327
274 15 0.336249448770536
278 15 -0.004887787083418
284 15 0.002757970132606
298 15 0.016277690602165
304 15 -0.000083775942056
325 15 0.000000070495200
326 15 -0.045003216495487
370 15 -0.004945857027472
375 15 0.000481940427019
376 15 -0.001172187095611
384 15 -0.004622731740824
385 15 0.018315859999552
392 15 0.000195159742760
397 15 0.004399047027727
404 15 0.002478355897034
422 15 0.000000028912449
425 15 0.006434698674218
429 15 0.000000078872669
439 15 0.004057001283267
447 15 -0.003504458932209
448 15 -0.000000012403258
475 15 0.001353368333392
486 15 -0.000000050746989
490 15 -0.003672652536883
16 16 0.714230004972682
34 16 0.012739710467313
192 16 -0.009285670918737
271 16 -0.152602733908222
443 16 0.030643041593633
463 16 -0.025468368389878
10 17 -0.076175813517150
17 17 0.657473491070480
24 17 -0.020012368110885
67 17 -0.107417384005402
133 17 -0.008112695914216
175 17 -0.108228516901552
199 17 -0.009432579078852
238 17 0.018207589818804
296 17 -0.019766113993889
308 17 0.034406392199609
398 17 -0.057487275500106
435 17 -0.271663354038861
12 18 0.002040075663006
18 18 0.397217496993236
27 18 -0.004706372126638
28 18 -0.000001908918466
37 18 -0.003494526498983
41 18 0.001398035322850
44 18 0.004466894240776
71 18 -0.000224612376842
72 18 -0.000672416984269
75 18 -0.001064505223269
80 18 -0.000117862730202
94 18 -0.002595354828330
101 18 -0.004699727259737
112 18 0.008316961761576
117 18 0.005195993053415
139 18 0.000014112534867
142 18 -0.008106634655818
145 18 0.022451317719789
147 18 0.007761672614546
150 18 -0.007308134066180
151 18 0.001068990364286
158 18 -0.007564441798503
159 18 0.023593410863869
166 18 0.001728098670962
176 18 -0.003096448137047
180 18 -0.000122916602300
183 18 -0.001948613406740
192 18 0.009199752947817
201 18 0.044053353280974
215 18 -0.007513538711045
217 18 0.000037553031742
227 18 -0.004076720036637
239 18 0.005861451764493
262 18 0.001884933571950
268 18 -0.002232864949222
290 18 0.022744150750608
291 18 -0.001275197169638
328 18 0.005704639898542
350 18 -0.003102516658103
390 18 -0.004334992545540
408 18 -0.077919555083733
414 18 -0.003283573379394
422 18 0.000355420517256
429 18 0.000969581120072
430 18 -0.000904731124073
448 18 0.006994091986251
451 18 -0.006632317994786
463 18 -0.003354195176518
481 18 -0.014357784085809
4 19 -0.000399089607059
11 19 -0.000244080641097
14 19 -0.048208886915711
19 19 0.119210068771153
25 19 -0.006155758406781
160 19 -0.009627639746004
240 19 -0.049533814604027
332 19 0.008854014046749
337 19 -0.002329709226923
379 19 -0.245217419862042
387 19 -0.012898194200524
401 19 0.013629914183739
415 19 0.008889665465595
432 19 0.003612913983746
20 20 0.705910102473605
58 20 -0.122945945054544
21 21 0.604066718664085
22 21 0.280793621309845
121 21 -0.152357464340261
496 21 -0.161535985049465
21 22 0.280793621309845
22 22 0.338058477650312
121 22 -0.005803130728176
496 22 0.206406636690340
23 23 0.808752490877044
10 24 -0.024995922316198
13 24 -0.001590572581116
17 24 -0.020012368110885
24 24 0.087605407084977
36 24 -0.002837044406570
67 24 -0.030982832885911
133 24 0.001282590199897
175 24 0.037335110174359
199 24 0.001491259331573
238 24 -0.002878559299187
249 24 0.021300665906847
250 24 -0.002285424330261
288 24 -0.004302785945979
296 24 0.020888196479363
308 24 -0.005439535995883
366 24 0.000175146177257
398 24 -0.018863565825221
416 24 -0.000227803284456
435 24 0.008502408462475
4 25 0.001283835332454
11 25 0.000785185445737
14 25 0.003174889188473
19 25 -0.006155758406781
25 25 0.143867681331190
173 25 -0.000084815423096
200 25 0.000310841332413
240 25 0.003225581887488
305 25 -0.006863474754206
332 25 -0.172575827592455
337 25 0.007494464819335
379 25 0.016042427083206
387 25 0.262292076001762
415 25 -0.000578884225672
478 25 0.001630405091563
487 25 -0.000832898699362
26 26 0.142061488657427
110 26 0.000152431299421
131 26 0.000330976543596
143 26 -0.049481010975481
213 26 0.002579449963358
284 26 0.013553836049339
287 26 -0.039126835192840
290 26 0.000115163160736
325 26 0.000080276204669
359 26 -0.002189463637972
369 26 -0.000096011001832
392 26 -0.000000579018116
396 26 0.106691306376676
422 26 0.000032923967442
429 26 0.000089816022655
448 26 -0.000014124174171
451 26 0.000394928031309
486 26 -0.000057787986542
18 27 -0.004706372126638
27 27 0.405441095285092
28 27 -0.000148791496102
75 27 -0.082973331547333
94 27 -0.016836548792987
139 27 0.001100007786619
150 27 0.106593359879418
183 27 -0.151885535853478
192 27 -0.128522487356237
201 27 0.014193895213534
227 27 -0.026446440025449
262 27 0.146921982900010
350 27 -0.020126601775228
390 27 -0.028121901758299
463 27 0.046858813449620
18 28 -0.000001908918466
27 28 -0.000148791496102
28 28 0.334736573405041
75 28 0.000031447485567
76 28 -0.068528361254492
92 28 -0.060951148256580
94 28 -0.000006828954029
139 28 0.033221581147107
150 28 0.000043234582297
170 28 -0.020881599327341
183 28 0.000057565703432
192 28 -0.000052129101315
201 28 0.000005757085914
227 28 -0.000010726754359
262 28 -0.000472284814955
350 28 -0.000008163409257
390 28 -0.000011406326598
428 28 0.043414319021039
463 28 0.000019006073443
29 29 0.494137284073627
138 29 -0.024962573344593
371 29 0.353824439634650
410 29 -0.000122439086993
30 30 0.750208290798783
59 30 0.036769475620063
31 31 0.751192949332095
32 32 0.631314713472417
56 32 0.001367329647179
241 32 0.002232300464252
294 32 0.001283333285072
353 32 0.258350125971188
375 32 0.000056337672907
439 32 -0.000059467988464
475 32 0.000158205492246
33 33 0.357150312610420
63 33 -0.003531699385785
113 33 -0.109140867879021
135 33 0.000858406906471
157 33 -0.002198748305521
197 33 0.003330048531064
222 33 -0.005216619832719
355 33 0.146559582838630
422 33 0.005300758696073
429 33 -0.001943105490199
453 33 0.000316479551834
16 34 0.012739710467313
34 34 0.499447066707030
55 34 -0.225169105544617
192 34 0.007191121816701
271 34 0.118180458762690
443 34 0.068301525481715
463 34 0.019723522529178
1 35 -0.000350322905375
35 35 0.576605962495852
69 35 0.000414957612703
77 35 0.083138966175538
82 35 -0.000939208482349
83 35 -0.003743312337560
110 35 -0.001590802310663
122 35 0.000683171833696
130 35 -0.000490799174210
132 35 -0.001833212528127
133 35 0.030116543882960
149 35 0.005128953771468
155 35 0.010495103484064
157 35 0.026618222383044
179 35 -0.002170201057459
207 35 0.048737715977675
209 35 0.000901259677246
230 35 -0.001048906810188
238 35 0.013418929410265
248 35 0.028209885858886
261 35 0.012016775689546
302 35 0.112763304166612
311 35 0.059311979145068
312 35 0.000698174495813
313 35 -0.000080073390373
330 35 0.000062322060311
367 35 0.014796112891006
369 35 -0.002525627883376
418 35 0.003878896488544
453 35 0.184930656725115
499 35 -0.012738201587323
13 36 -0.088449685373284
24 36 -0.002837044406570
36 36 0.559553121961877
133 36 0.000275794689180
199 36 0.000320664701688
238 36 -0.000618975076583
249 36 0.004676515787633
250 36 -0.127089493026551
288 36 -0.239272364976448
308 36 -0.001169660534900
366 36 0.009739652535571
416 36 -0.012667846206022
18 37 -0.003494526498983
37 37 0.189270496034477
41 37 0.000366675625922
72 37 0.002772448729107
94 37 0.001283041843279
142 37 -0.002126201883426
158 37 0.054089976006661
166 37 -0.007125139721573
176 37 0.014748043209246
201 37 0.010539103499009
215 37 0.030979141422434
227 37 0.002015370820685
239 37 -0.024167406349561
290 37 -0.028711502736180
328 37 -0.040791355589499
350 37 0.001533762801281
390 37 0.002143050640136
451 37 0.008372430271964
38 38 0.704198978544928
39 39 0.697729964966552
40 40 0.304918186168066
149 40 -0.018911130341304
207 40 0.018552358089527
338 40 0.078171092275238
367 40 -0.054555223520051
426 40 -0.152387589288126
12 41 -0.000214062197233
18 41 0.001398035322850
37 41 0.000366675625922
41 41 0.677170048569199
71 41 0.000023568252778
72 41 0.000070555744436
80 41 0.000012367166305
94 41 -0.000513299246156
112 41 -0.000872686803371
142 41 0.045226821969478
151 41 -0.000112167617285
158 41 0.000793725968889
166 41 -0.000181326901374
176 41 0.000324905837491
180 41 0.000012897461816
201 41 -0.004216319139966
215 41 0.000788384781332
217 41 -0.000003940385464
227 41 -0.000806277931153
239 41 -0.000615033680580
290 41 -0.002386510937880
328 41 -0.000598579637632
350 41 -0.000613603752522
390 41 -0.000857358069666
422 41 -0.000037293762307
429 41 -0.000101736748652
430 41 0.000094932132095
448 41 -0.000733879985617
451 41 0.000695919562423
481 41 0.001506541578106
42 42 0.025951626059558
292 42 0.017823588407562
400 42 0.009885012160846
7 43 -0.000106541144128
15 43 0.000390122225105
43 43 0.399575246180495
49 43 0.000644364727423
65 43 -0.000165212298663
88 43 -0.000021398223340
91 43 -0.000002464602980
132 43 0.000069678156156
143 43 -0.005567990723917
177 43 0.000140679119168
181 43 -0.301168520673218
202 43 -0.000113516503653
230 43 -0.000121779044202
231 43 0.000612916476300
236 43 0.007223348553365
255 43 0.000971485743582
274 43 -0.000331895162986
278 43 -0.002287794656106
284 43 -0.020327072654458
297 43 0.000320991834225
298 43 0.000714939652821
304 43 0.000025807043051
326 43 -0.000361254183165
340 43 -0.000014590656228
347 43 -0.001869877861485
370 43 0.036452459708478
375 43 0.000021167518783
376 43 -0.005976063036349
385 43 0.000804458992939
399 43 -0.000029974358913
404 43 0.000048429685077
412 43 0.005430520862641
439 43 0.000178189348836
447 43 0.000511140698309
475 43 0.000059441889520
488 43 -0.000118975527989
490 43 -0.000003944999362
18 44 0.004466894240776
44 44 0.202855725709901
66 44 0.021130346955479
82 44 0.013006878250274
101 44 -0.000215088889259
115 44 -0.002416982961743
117 44 -0.067325857766886
122 44 0.017881548651449
145 44 0.001027512603151
147 44 0.000793551009719
159 44 -0.013597122574331
201 44 0.001481120314837
268 44 -0.075301809050821
291 44 0.063135943401855
408 44 -0.007966471234265
414 44 -0.110736216135965
434 44 -0.009335367501126
45 45 0.660144909273487
46 46 0.450033742104695
199 46 0.001349668631593
308 46 0.000370014270136
336 46 -0.008853202275002
493 46 0.295905573614227
47 47 0.031553457427381
470 47 -0.106752957670826
48 48 0.077649628423600
82 48 -0.007415760999980
122 48 0.005394158097825
153 48 0.025112018673033
260 48 -0.005165555495935
309 48 0.080365178735571
312 48 -0.014938652697530
313 48 0.001713308888059
330 48 -0.001333488433001
402 48 -0.004042161166775
7 49 0.000559123451089
15 49 0.014670846170813
43 49 0.000644364727423
49 49 0.430202648038712
91 49 0.000546063235769
97 49 0.039669941166592
132 49 0.019105194904925
143 49 0.001247798010331
181 49 -0.000572800139377
230 49 -0.033390843029939
231 49 0.023049195253976
255 49 -0.000108831012355
259 49 0.018593182998806
274 49 -0.012481172739382
278 49 -0.008073156024030
284 49 0.004555338195003
326 49 -0.013585241262151
370 49 -0.008169070128031
375 49 0.000940775074809
376 49 0.003798560417216
385 49 -0.004221767018489
404 49 -0.000254156953888
438 49 -0.000541186327763
439 49 0.007919496833618
447 49 0.034103074958586
475 49 0.002641851821743
490 49 0.000874063341672
50 50 0.434616023408069
82 50 -0.083738674344508
122 50 0.060910761325479
179 50 0.064704194595873
205 50 -0.189670733127068
209 50 -0.026870911954209
312 50 0.062248380247063
313 50 -0.007139245104897
330 50 0.005556558326455
3 51 0.010320802331584
51 51 0.459797502541312
95 51 0.109626699209898
146 51 -0.000328410645577
397 51 -0.101010008903456
52 52 0.043422093764885
257 52 -0.002079934739189
275 52 0.000007941072660
321 52 0.002150583755495
331 52 -0.004624291239936
362 52 -0.065260787878343
53 53 0.422365370041569
125 53 0.038613255803490
220 53 0.150152824117230
389 53 -0.008920036893412
54 54 0.607529168901606
34 55 -0.225169105544617
55 55 0.147663941394223
443 55 0.093613070427654
1 56 0.000015753944461
9 56 -0.000014072362435
32 56 0.001367329647179
56 56 0.199160237883437
63 56 0.000521797515255
112 56 -0.007301417478005
118 56 0.052299221587866
133 56 0.001010344805421
151 56 0.001269696232343
157 56 0.000324858170860
197 56 0.000199348397800
235 56 0.089466334195950
238 56 0.000450176012117
241 56 -0.062184601395480
248 56 -0.001268592399335
264 56 -0.093154643228690
294 56 -0.035749474619451
307 56 0.014967360776682
313 56 -0.064956323871933
330 56 -0.083457977040743
353 56 -0.003126726343933
375 56 0.000423122104145
418 56 -0.000174433127018
422 56 0.000739473720591
429 56 0.001035301512891
439 56 -0.000446632228662
448 56 0.008307251908238
453 56 -0.000046758861878
475 56 0.001188196766249
476 56 -0.050321116916564
483 56 -0.000568042705180
57 57 0.277538236485500
245 57 0.233048870872385
20 58 -0.122945945054544
58 58 0.711057693690323
30 59 0.036769475620063
59 59 0.588081665336763
60 60 0.186464361864187
87 60 -0.002823219225306
97 60 -0.002092430934077
147 60 -0.109880970599798
168 60 0.167985913501689
195 60 -0.011497589150957
210 60 -0.015986536694211
259 60 0.004460578285545
338 60 0.000681306593948
348 60 -0.001102525581973
352 60 0.040826916218969
363 60 -0.037591566519184
386 60 -0.013972403291176
391 60 0.011642044417040
394 60 0.000075897790574
408 60 -0.010945392584027
426 60 0.000349493557002
438 60 -0.000129832744733
441 60 0.022371683586625
473 60 0.031023595815954
61 61 0.013052938462486
128 61 0.001437497937668
380 61 -0.000247034380785
442 61 0.000048648983504
492 61 -0.033641101042825
62 62 0.291459027109689
206 62 0.196871534889548
1 63 0.000001554639997
9 63 -0.082891607887335
33 63 -0.003531699385785
56 63 0.000521797515255
63 63 0.237889346716423
133 63 0.000099703439314
135 63 -0.000051746255366
157 63 -0.021391104554724
197 63 -0.092369447723507
222 63 0.000314466880422
238 63 0.000044424533549
241 63 -0.000240218899871
248 63 -0.000125187980007
264 63 0.001566393260736
294 63 -0.000138100096669
313 63 -0.000618098176818
330 63 -0.000794152445442
355 63 -0.009089656903051
418 63 -0.000017213512259
422 63 -0.147033338614837
429 63 0.053898187766299
453 63 0.003078955042608
483 63 0.002053508897012
64 64 0.463773476432443
102 64 -0.011193135209265
277 64 -0.041545806619117
444 64 -0.006662612038494
449 64 0.068912331374571
15 65 0.000536319326954
43 65 -0.000165212298663
65 65 0.109307482386134
88 65 0.007049850150902
143 65 -0.000319929953922
181 65 0.000146863451200
202 65 0.063385251589222
231 65 0.000842605037332
274 65 -0.000456271852711
278 65 0.002069921905141
284 65 -0.001167968795239
304 65 -0.008502378139306
325 65 -0.004860313854733
326 65 -0.000496633075243
370 65 0.002094513862028
467 65 -0.023416606105037
486 65 -0.006751706939494
44 66 0.021130346955479
66 66 0.351903129548997
82 66 0.018850041098857
115 66 0.012135873368279
122 66 0.025914590765385
147 66 0.000635241412809
159 66 -0.021270303884534
291 66 0.074017593018843
408 66 -0.006377198667725
434 66 -0.147421400767250
10 67 -0.117934193848175
17 67 -0.107417384005402
24 67 -0.030982832885911
67 67 0.688496552017503
133 67 -0.012559947946772
175 67 -0.167557684031750
199 67 -0.014603370259027
238 67 0.028188703579982
296 67 -0.030601586143292
308 67 0.053267434109798
398 67 -0.089000893848105
435 67 0.045637101502629
68 68 0.033155190011232
124 68 0.001034190812139
143 68 -0.000014228888247
284 68 -0.000051945425116
306 68 0.003137825346654
327 68 -0.007867025693117
341 68 -0.003820207465004
370 68 -0.000031139867028
372 68 0.000970765249569
406 68 0.000189071887792
1 69 -0.000077116323626
35 69 0.000414957612703
69 69 0.140001603745494
77 69 -0.001356666335914
83 69 -0.014405190921332
130 69 0.002798690017624
132 69 -0.006674596669726
133 69 0.006629532665250
190 69 0.065477313818490
204 69 0.089701592457189
228 69 -0.001547859319817
230 69 -0.003818995230894
238 69 0.002953899066365
248 69 0.006209821436060
267 69 -0.001455690307486
405 69 0.001424033619688
407 69 0.076630751797925
418 69 0.000853858632513
457 69 0.007386941065896
458 69 -0.048605329148126
499 69 -0.000520159459843
70 70 0.524129830220604
12 71 -0.063570454359332
18 71 -0.000224612376842
41 71 0.000023568252778
71 71 0.165358853339667
72 71 -0.000015636801340
80 71 -0.016741199399556
94 71 0.000082468133549
112 71 0.011142341557502
142 71 -0.000136662651956
143 71 0.000116855796134
151 71 0.001432140257706
166 71 0.000040186277632
173 71 0.012204777528993
179 71 -0.000177330359414
180 71 -0.012762883332102
188 71 -0.000018437919993
189 71 -0.005434758081382
200 71 0.003330166428894
201 71 0.000677405962550
209 71 -0.000427005160928
215 71 -0.000174724486346
217 71 0.005334025364700
221 71 0.000606373763194
227 71 0.000129538931922
239 71 0.000136305832468
253 71 0.000026999227589
281 71 0.005191955655947
284 71 0.000426605642124
324 71 0.002268757803332
344 71 0.013768427244052
345 71 0.000199928431820
350 71 0.000098583344098
370 71 0.000255738458960
390 71 0.000137745613924
403 71 0.001408345946696
406 71 0.000168119129070
411 71 -0.000703482832576
422 71 0.000476161477392
429 71 0.001298960403721
430 71 0.034481879270478
436 71 0.003076528887719
448 71 0.009370075759568
481 71 -0.003144581197547
12 72 0.000142023597764
18 72 -0.000672416984269
37 72 0.002772448729107
41 72 0.000070555744436
71 72 -0.000015636801340
72 72 0.478819555070292
80 72 -0.000008205229487
94 72 0.000246882983203
111 72 0.015574776633826
112 72 0.000579000501435
142 72 -0.000409123885258
151 72 0.000074419718966
158 72 0.006001393051895
166 72 0.091812130675382
176 72 0.002456625727348
180 72 -0.000008557064034
198 72 0.015536839341997
201 72 0.002027934884388
215 72 0.006964540239337
217 72 0.000002614322974
227 72 0.000387797765970
239 72 -0.005433167811424
290 72 -0.018044502412982
328 72 -0.004525884019288
346 72 -0.002302429128671
350 72 0.000295126723956
390 72 0.000412365923966
422 72 0.000024743249231
429 72 0.000067499162651
430 72 -0.000062984511594
448 72 0.000486906503025
451 72 0.005261874992513
481 72 -0.000999543393788
73 73 0.509817606442041
1 74 -0.001744660389014
74 74 0.082872972368953
93 74 -0.000710601270510
133 74 0.035736825039716
161 74 -0.039965257434756
188 74 0.010634834671347
199 74 -0.012971310715417
238 74 -0.080205329847175
248 74 -0.002677845455822
308 74 0.047314313517736
411 74 -0.000278733498152
418 74 0.019317483820828
18 75 -0.001064505223269
27 75 -0.082973331547333
28 75 0.000031447485567
75 75 0.195072331134697
94 75 -0.003808154912042
139 75 -0.000232489624067
150 75 0.024109693263562
183 75 0.208529800651244
192 75 -0.029069707073069
201 75 0.003210429432007
227 75 -0.005981756815322
262 75 -0.031052358889772
273 75 0.007211527289282
350 75 -0.004552311661698
390 75 -0.006360719149369
463 75 0.010598705400063
28 76 -0.068528361254492
76 76 0.280532011393158
92 76 0.068633578818436
139 76 -0.009269422926391
170 76 0.023513566754394
428 76 -0.165524375766043
1 77 0.001145349013663
35 77 0.083138966175538
69 77 -0.001356666335914
77 77 0.330219994530269
82 77 0.003070657077734
83 77 0.012238420690954
110 77 0.005200984090664
122 77 -0.002233568441803
130 77 0.001604623453001
132 77 0.005993522343843
133 77 -0.098463312852355
149 77 0.001568770711216
155 77 -0.034312790398033
157 77 0.008141599538575
179 77 0.007095275822602
207 77 0.014907192531678
209 77 -0.002946586896116
230 77 0.003429305826255
238 77 -0.043871974480251
248 77 -0.092229667110784
261 77 -0.039287759870274
302 77 0.034490419831940
311 77 0.018141496268627
312 77 -0.002282618286943
313 77 0.000261792698328
330 77 -0.000203756332263
367 77 0.004525622490962
369 77 0.008257311642263
418 77 -0.012681700794011
453 77 0.056563933075439
499 77 0.041646396510279
78 78 0.486827104012226
79 79 0.054266276164670
97 79 0.000968364941756
118 79 0.000527975824756
235 79 -0.000308638158701
259 79 -0.002064329847802
305 79 -0.017227646104703
348 79 -0.010196718286407
393 79 0.012254893582455
438 79 0.000060085843811
455 79 0.005737662529377
462 79 -0.053999310463054
478 79 -0.072522782666663
12 80 -0.033357855948579
18 80 -0.000117862730202
41 80 0.000012367166305
71 80 -0.016741199399556
72 80 -0.000008205229487
80 80 0.188527649052149
92 80 -0.000000681967380
94 80 0.000043274193129
112 80 0.005846814032571
142 80 -0.000071712135826
151 80 0.000751498929749
166 80 0.000021087281409
170 80 0.000001990589620
173 80 -0.027438626176613
174 80 0.002921956117175
180 80 -0.009161433477265
188 80 0.000041451898076
189 80 -0.002851826041220
200 80 -0.007486837964171
201 80 0.000355460893668
215 80 -0.000091684640372
217 80 -0.005111095450581
227 80 0.000067974046660
233 80 0.006331219865852
239 80 0.000071524898953
243 80 0.000533158495085
258 80 -0.046974658459707
259 80 -0.000119012799428
266 80 -0.000109723692035
281 80 0.002724418294756
324 80 0.001190504248373
343 80 -0.004751797745835
344 80 -0.030954003650783
345 80 -0.000449476566841
350 80 0.000051730462280
351 80 0.000041774514469
390 80 0.000072280407512
411 80 0.001581561189367
422 80 0.000249860192619
429 80 0.000681614351618
430 80 0.018093964769218
438 80 -0.004088844535511
446 80 0.000364302184497
448 80 0.004916838184736
450 80 0.000018121184875
481 80 -0.001650082379677
482 80 -0.006824491367504
81 81 0.379489790997640
105 81 0.001852885620460
35 82 -0.000939208482349
44 82 0.013006878250274
48 82 -0.007415760999980
50 82 -0.083738674344508
66 82 0.018850041098857
77 82 0.003070657077734
82 82 0.263688947073323
110 82 0.002704802923589
115 82 -0.002156151447020
122 82 0.022424367313505
147 82 -0.000347941500221
153 82 -0.035070476149117
155 82 -0.005524407406149
159 82 0.011650407694658
179 82 0.055174434226497
205 82 0.044269818748219
209 82 -0.022913311470506
260 82 -0.002920855112623
261 82 -0.009529207499534
291 82 0.045561855789821
309 82 0.001215216388336
312 82 -0.064393733264428
313 82 0.007385294897144
330 82 -0.005748061769990
369 82 0.004294264370289
402 82 0.005645126289369
408 82 0.003492990266249
434 82 -0.008327930508663
499 82 -0.008758061994173
1 83 0.000695662585330
35 83 -0.003743312337560
69 83 -0.014405190921332
77 83 0.012238420690954
83 83 0.268353267361381
130 83 -0.025246845825353
132 83 0.060211210246867
133 83 -0.059804690065599
190 83 0.007258360344587
204 83 0.009943695664463
228 83 0.013963163251612
230 83 0.034450969273115
238 83 -0.026646979066118
248 83 -0.056018495586114
267 83 -0.000161367719378
405 83 0.000157858478788
407 83 0.008494753031070
418 83 -0.007702616980070
457 83 -0.066637234219303
458 83 -0.005388049280738
499 83 0.004692333057454
84 84 0.460602884420238
85 85 0.402559444349891
98 85 0.001540816202938
99 85 -0.006000534313641
86 86 0.170502218065986
116 86 -0.142501590042117
252 86 -0.012004544864860
286 86 0.042183198611297
334 86 -0.021400818466404
357 86 0.001377143280591
60 87 -0.002823219225306
87 87 0.144974024495370
97 87 0.000160970036587
168 87 0.001712689757045
210 87 0.005601530652407
259 87 -0.000343150848197
348 87 0.000084816937265
352 87 -0.003042440876756
363 87 0.002801341105114
391 87 0.033839922193582
438 87 0.000009987991159
441 87 -0.001280487664517
473 87 -0.002311892858823
15 88 0.000069463840360
43 88 -0.000021398223340
65 88 0.007049850150902
88 88 0.288485699843024
143 88 -0.000041437185141
181 88 0.000019021688789
202 88 0.004843915052863
231 88 0.000109133829153
274 88 -0.000059096127147
278 88 0.000268095363246
284 88 -0.000151274798166
304 88 0.187446994552218
326 88 -0.000064323694714
370 88 0.000271280502549
6 89 0.026163334720468
89 89 0.436379124124522
134 89 -0.000851735453899
219 89 0.030991917733143
335 89 -0.037018713386749
90 90 0.435791301239701
7 91 -0.000002138567282
15 91 0.005678795301180
43 91 -0.000002464602980
49 91 0.000546063235769
91 91 0.020584131875597
95 91 0.003774192000983
97 91 0.002624906127489
132 91 -0.000073074639711
143 91 -0.000004772649036
181 91 0.000002190878660
230 91 0.000127715201870
231 91 -0.003085529891239
255 91 -0.000167653570027
259 91 0.001230285665868
274 91 -0.002649983029986
278 91 0.000030878667855
284 91 -0.000017423517479
326 91 0.003638186821949
370 91 0.000031245525594
375 91 -0.000003598330191
376 91 0.000913944395392
385 91 0.000016147655408
397 91 0.004096150626495
404 91 0.000000972114021
425 91 0.005991637470474
438 91 -0.000035809564272
439 91 -0.000030290943415
447 91 0.008434018511562
475 91 -0.000010104705605
490 91 0.006880322546384
28 92 -0.060951148256580
76 92 0.068633578818436
80 92 -0.000000681967380
92 92 0.233955528279994
139 92 -0.008244498492256
170 92 0.066693721732732
174 92 -0.000001778537081
214 92 -0.000860837642567
217 92 -0.000002140400750
258 92 -0.000001898765586
259 92 0.000000333875305
266 92 0.000376962781856
351 92 -0.000596521584971
428 92 -0.043480976807743
438 92 0.000011470734417
446 92 0.000000146308341
450 92 0.001868075733972
482 92 -0.000002740801600
1 93 0.000199249582071
74 93 -0.000710601270510
93 93 0.423972460213601
133 93 0.000123656348933
161 93 -0.000197987770384
188 93 -0.001214555209140
199 93 -0.000044883252000
238 93 -0.000277526004138
248 93 0.000305824326203
308 93 0.000163716705537
411 93 0.000031832861780
418 93 -0.002206160352005
12 94 -0.000749029214646
18 94 -0.002595354828330
27 94 -0.016836548792987
28 94 -0.000006828954029
37 94 0.001283041843279
41 94 -0.000513299246156
71 94 0.000082468133549
72 94 0.000246882983203
75 94 -0.003808154912042
80 94 0.000043274193129
94 94 0.079837989405372
112 94 -0.003053635435920
139 94 0.000050486101712
142 94 0.002976412247731
150 94 -0.026144077110799
151 94 -0.000392487900103
158 94 0.002777342038000
166 94 -0.000634484501636
176 94 0.001136884360880
180 94 0.000045129760507
183 94 -0.006970958483192
192 94 0.032911143705076
201 94 0.007827301684614
215 94 0.002758652584313
217 94 -0.000013787879726
227 94 0.018797981541373
239 94 -0.002152076362390
240 94 -0.001287867821826
242 94 0.001999690522767
262 94 0.006743150605547
290 94 -0.008350687027664
318 94 0.000398401855797
328 94 -0.002094501699387
329 94 0.008487791781414
350 94 0.048155505490752
390 94 0.019988890363018
415 94 -0.007176086228184
422 94 -0.000130495331980
429 94 -0.000355989043972
430 94 0.000332178877293
431 94 -0.002053293212737
448 94 -0.002567933789232
451 94 0.002435105731126
463 94 -0.011999278686657
477 94 0.006286400008503
481 94 0.005271569056416
3 95 0.025915614620382
15 95 0.004053280657358
51 95 0.109626699209898
91 95 0.003774192000983
95 95 0.515280419677780
146 95 -0.000824641675576
226 95 0.012643762414930
231 95 -0.002118461076922
274 95 -0.001906677673578
326 95 0.002534648207499
397 95 -0.444794047738513
425 95 -0.000134860386303
490 95 -0.002357892612825
96 96 0.412316259102973
49 97 0.039669941166592
60 97 -0.002092430934077
79 97 0.000968364941756
87 97 0.000160970036587
91 97 0.002624906127489
97 97 0.074984084105262
118 97 -0.010138070508193
168 97 0.001269361229902
210 97 0.000911496129487
235 97 0.005926399027595
255 97 -0.003217023756797
259 97 0.012416944119868
305 97 -0.000833234867525
348 97 -0.014244024690480
352 97 -0.002254907216755
363 97 0.002076215949758
376 97 0.017771903242776
391 97 -0.000663788450771
438 97 -0.000361416353009
441 97 -0.000949034342046
447 97 0.163932241838255
473 97 -0.001713461034380
478 97 -0.003507647582297
490 97 0.004201590715292
85 98 0.001540816202938
98 98 0.403942652968959
99 98 0.000171814630750
85 99 -0.006000534313641
98 99 0.000171814630750
99 99 0.455702515558902
100 100 0.397373038148559
18 101 -0.004699727259737
44 101 -0.000215088889259
101 101 0.025624974328107
145 101 -0.011777877581116
147 101 -0.004071744519398
159 101 -0.012377015386972
201 101 -0.001558322436884
268 101 0.000107516412054
291 101 0.000061403008000
408 101 0.040876308126107
414 101 0.000158109888640
64 102 -0.011193135209265
102 102 0.026051762422149
277 102 0.028184374810737
423 102 -0.000569907653951
444 102 0.003737601278356
449 102 -0.056428988242944
103 103 0.386522116263124
104 104 0.382971391404626
81 105 0.001852885620460
105 105 0.473496986017762
106 106 0.375967496578545
107 107 0.372422746444663
373 107 0.005565414373392
108 108 0.369091691066276
7 109 0.020206742396225
15 109 -0.016965648625491
109 109 0.160955419149970
114 109 -0.000523708521190
131 109 -0.000001075371340
231 109 0.052799936583617
251 109 0.019069465840736
255 109 -0.014895263125668
325 109 -0.000000260824313
326 109 0.071260834302432
376 109 -0.002696301835792
384 109 0.017103587566368
392 109 -0.000722069100453
404 109 0.010533116020785
422 109 -0.000000106972810
429 109 -0.000000291820005
448 109 0.000000045890660
486 109 0.000000187758153
26 110 0.000152431299421
35 110 -0.001590802310663
77 110 0.005200984090664
82 110 0.002704802923589
110 110 0.147880258381713
122 110 -0.001967449408542
143 110 0.000511488259888
155 110 -0.009357070588594
179 110 0.006249907528847
209 110 -0.002595515112715
213 110 -0.042275037379526
261 110 -0.016140277258924
284 110 -0.000140106838543
287 110 -0.002812143708374
312 110 -0.002010655198436
313 110 0.000230601346189
330 110 -0.000179479736503
369 110 0.067676852231839
396 110 0.000139970133044
499 110 -0.014834134826397
72 111 0.015574776633826
111 111 0.303066369491887
166 111 -0.040026875333439
198 111 0.086747302189059
215 111 -0.006589610827056
239 111 0.005140678380054
346 111 -0.012855221773058
12 112 -0.101201991448176
18 112 0.008316961761576
41 112 -0.000872686803371
56 112 -0.007301417478005
71 112 0.011142341557502
72 112 0.000579000501435
80 112 0.005846814032571
94 112 -0.003053635435920
112 112 0.116553559265569
118 112 -0.005942082534418
142 112 0.005060353603555
151 112 0.010622837369364
166 112 -0.001488020113148
180 112 0.006097521361745
201 112 -0.025083032229989
215 112 0.006469709693561
217 112 -0.001862892473119
227 112 -0.004796576032808
235 112 -0.010164899700295
239 112 -0.005047141268246
241 112 0.003361339260519
294 112 0.001932409469300
307 112 -0.014807416544073
313 112 -0.002980977274991
330 112 -0.003830055614996
350 112 -0.003650350504795
390 112 -0.005100453590013
422 112 0.003531906814766
429 112 0.009634981660297
430 112 0.044880978260570
448 112 0.069502124807215
476 112 0.005302593344295
481 112 0.116437757989243
498 112 0.020725220028516
33 113 -0.109140867879021
113 113 0.090011951020592
355 113 0.042405641947052
15 114 0.000141547145852
109 114 -0.000523708521190
114 114 0.354881479499899
131 114 0.000011646513366
231 114 -0.000440518396292
251 114 -0.000117019724794
325 114 0.000002824785952
326 114 -0.000594540646761
384 114 -0.000104956118159
392 114 0.007820170688710
422 114 0.000001158539583
429 114 0.000003160476259
448 114 -0.000000497006167
486 114 -0.000002033463007
44 115 -0.002416982961743
66 115 0.012135873368279
82 115 -0.002156151447020
115 115 0.665409362984721
122 115 -0.002964226023947
147 115 -0.000072661735020
159 115 0.002432991857082
291 115 -0.008466461131598
408 115 0.000729452315952
434 115 -0.005361617491597
86 116 -0.142501590042117
116 116 0.190325807776549
286 116 -0.045363729361116
334 116 0.023014398361825
357 116 0.011103337006971
18 117 0.005195993053415
44 117 -0.067325857766886
117 117 0.104364003327797
201 117 0.001722872862516
268 117 0.033654154291747
291 117 0.019220008050347
414 117 0.049490626460366
56 118 0.052299221587866
79 118 0.000527975824756
97 118 -0.010138070508193
112 118 -0.005942082534418
118 118 0.277966395290181
151 118 0.001033311658859
235 118 -0.080659970261589
241 118 -0.024076890185697
259 118 0.021612019029973
294 118 -0.013841628880674
305 118 -0.000454299662687
307 118 0.012180825617131
313 118 0.021352400615744
330 118 0.027434252034750
348 118 0.106752159730562
422 118 0.000343557974466
429 118 0.000937220305301
438 118 -0.000629054703281
448 118 0.006760656628888
462 118 -0.057129117077173
476 118 -0.037981872032252
478 118 -0.001912453709713
13 119 -0.006438755400375
119 119 0.256791920485575
250 119 -0.009251566651731
366 119 -0.066573080499523
416 119 0.086588052515121
120 120 0.297479072846718
182 120 0.093802594802092
366 120 0.009668524671307
416 120 0.007433629150420
21 121 -0.152357464340261
22 121 -0.005803130728176
121 121 0.330512107743003
496 121 -0.111995392354161
35 122 0.000683171833696
44 122 0.017881548651449
48 122 0.005394158097825
50 122 0.060910761325479
66 122 0.025914590765385
77 122 -0.002233568441803
82 122 0.022424367313505
110 122 -0.001967449408542
115 122 -0.002964226023947
122 122 0.278206153162045
147 122 -0.000478341746909
153 122 0.025509950079952
155 122 0.004018404442328
159 122 0.016016705007357
179 122 -0.040133389031359
205 122 -0.032201469450081
209 122 0.016666937434601
260 122 0.002124603834774
261 122 0.006931460142743
291 122 0.062637361961840
309 122 -0.000883937511170
312 122 0.046839424536261
313 122 -0.005371997327633
330 122 0.004181088622392
369 122 -0.003123609421509
402 122 -0.004106214276206
408 122 0.004802080421077
434 122 -0.011449041936977
499 122 0.006370535812475
123 123 0.321376434410026
68 124 0.001034190812139
124 124 0.334149980750324
306 124 0.003734699411671
327 124 -0.050806831513422
341 124 -0.023312001851250
372 124 0.001155423264811
53 125 0.038613255803490
125 125 0.101848936747467
220 125 -0.030387816173334
389 125 0.049355239924186
126 126 0.312600724306868
127 127 0.309729066733139
61 128 0.001437497937668
128 128 0.016821624935584
380 128 0.000000638150447
420 128 -0.004176021291243
442 128 -0.007421214492565
492 128 0.000086903222110
129 129 0.304064649346705
1 130 0.000091210829239
35 130 -0.000490799174210
69 130 0.002798690017624
77 130 0.001604623453001
83 130 -0.025246845825353
130 130 0.461563165837782
132 130 0.007894508820663
133 130 -0.007841208494301
228 130 0.001830760667362
230 130 0.004516990767863
238 130 -0.003493781480541
248 130 -0.007344786887884
418 130 -0.001009917878117
457 130 -0.008737047987774
499 130 0.000615228701760
15 131 0.000000290649737
26 131 0.000330976543596
109 131 -0.000001075371340
114 131 0.000011646513366
131 131 0.060984369894786
143 131 0.001110602723920
231 131 -0.000000904550602
251 131 -0.000000240285680
284 131 -0.000304216242538
285 131 -0.006188167266294
287 131 0.000250226847821
290 131 0.003453321440432
325 131 0.012056761576428
326 131 -0.000001220816439
359 131 0.002367069584255
384 131 -0.000000215514541
392 131 0.000437898231300
396 131 0.000303919411680
422 131 0.000625224630899
429 131 0.001705602148701
448 131 -0.000268217419379
451 131 0.011842445355191
486 131 -0.008679234134163
1 132 0.000340686870818
7 132 -0.003158908669781
15 132 0.001586426858772
35 132 -0.001833212528127
43 132 0.000069678156156
49 132 0.019105194904925
69 132 -0.006674596669726
77 132 0.005993522343843
83 132 0.060211210246867
91 132 -0.000073074639711
130 132 0.007894508820663
132 132 0.165971966897223
133 132 -0.029288153694512
143 132 0.000134930204766
177 132 -0.003499866209663
181 132 -0.000061939544266
228 132 -0.022113136173177
230 132 0.023133882748552
231 132 0.002492416728950
238 132 -0.013049826318418
248 132 -0.027433940492992
255 132 -0.003076626456616
274 132 -0.001349647282249
278 132 -0.000872987924654
284 132 0.000492589914665
298 132 -0.017786528289663
326 132 -0.001469035348762
370 132 -0.000883359563001
375 132 0.000627609729088
376 132 -0.001067885777783
385 132 0.023851935400900
404 132 0.001435923682970
418 132 -0.003772202977974
439 132 0.005283253559058
447 132 -0.004563702063032
457 132 0.105531834580908
475 132 0.001762431797495
490 132 -0.000116967888686
499 132 0.002297976490168
1 133 -0.000639699494688
10 133 -0.010132949570140
13 133 0.000154622701573
